1.088349752340413 0.9708844920759444 
1.1312484533379872 0.8575481111513219 
1.1222483547656221 1.1441301756293294 
0.8570265941779536 0.900483091067528 
1.188810423200818 1.025306886299834 
0.9899492682836355 0.9723254221991722 
1.1670072564652614 1.0961445524365665 
1.0156529810447958 1.145256181228905 
0.8069287863264243 0.9687589488434024 
1.015971648536808 1.144353090133313 
1.03363582474471 1.1268613064160125 
1.1676857502258766 1.0890086176165865 
1.0014902695240084 0.890788913141788 
0.9239088721374139 0.8630335284430479 
0.9950204317552779 0.9986050203193857 
0.8204578387406818 1.0660458312080139 
1.0555817640398113 1.0318448856457407 
0.8640056968314521 0.8163234804669571 
1.15877622482215 0.8133126560853693 
0.83577020028432 0.8553771476748361 
0.8757970384264103 0.8656620016562863 
1.1839430241696214 0.8470774294730746 
1.1225681945765966 0.8433215809295939 
0.8800187905887764 1.0692492678009415 
1.0337516839677934 0.9366544547783533 
1.0786353629417054 0.8632241187034635 
1.19439814340166 1.1960687468675468 
1.0474905854609087 0.8369188845453779 
0.8202201447713089 1.1351249689345186 
0.8233534755546926 0.9095884824759709 
0.9981699590334293 0.845513509910119 
1.0021409800874181 1.0414771260181885 
1.1822073811648068 1.1931040449515602 
1.1854847116620006 1.1091716664353215 
0.9848456771361733 0.8630965230174323 
0.8831651163824705 0.8675381932622305 
1.1132674721483709 0.883631714573744 
0.9102435050389627 1.081701482749815 
0.86950488372483 1.181047364884361 
1.119675770090264 1.1176048314450542 
0.9673819409773057 1.10629408325159 
0.8756446125177499 0.9472659574841606 
1.114619956154281 1.1208532164538658 
1.1998000612961564 1.0549229884527522 
1.066710017238576 1.141827284291447 
0.8120515501152668 0.9228422772016931 
0.8798595892407803 0.8197011965676102 
1.1395076349598068 0.8306383024700883 
0.873523568833418 1.0586013313506473 
0.9816126650962735 1.0195338546113841 
1.1587331499384501 1.187706826602283 
1.096482870166941 0.8530667695585775 
0.8966390155759795 1.1537963398717281 
0.9128974630180472 0.8483278232931242 
1.122388405483879 0.9287411371534336 
1.0743534041050904 1.1568922238761383 
0.8026589369590862 0.8120836551044368 
0.9860456255186035 0.8421855770085569 
0.9908749747166371 0.8576689313187282 
1.162587729135476 1.1301030620162553 
0.9023355814888618 0.8646242828032012 
1.163741173982017 1.102278821583255 
0.8521861696782644 1.0468106192947688 
0.8573741281047611 0.8564807099998202 
1.0823691123288195 0.8311973182010925 
0.8633243787556373 0.9761835730733526 
0.9493916636242853 0.8344402133451911 
0.908793625802571 1.0314523865871146 
0.9529528055958516 0.9282706888816901 
0.8653538481911103 0.9758447877593697 
1.0561734349948504 1.0281319962018431 
0.8395993558189616 0.9091205690559035 
1.0813778959778186 0.8258267730394232 
1.053931328638661 1.1431238520443285 
1.0610775456680792 0.9357682642021339 
0.9809148925577408 1.0382817657770482 
0.882010426086079 0.8357554322672217 
1.0841016526467815 0.8707416803837701 
0.9807942477451896 0.9570207267696926 
1.1701639864028457 0.8452470106743046 
0.8329527316277848 0.914626922014382 
1.171640411200263 0.886429819198006 
1.1227789444089336 1.1681180559286284 
1.1565443143785619 0.8212766511171642 
1.1897019337124457 0.9636571681895347 
1.1005418617545182 1.0081019740884398 
0.8175263888358306 0.8327120273876154 
1.0593575740321872 1.1724418592345611 
1.066118061436889 0.808677929676033 
0.8435194601445078 0.9778586593117462 
1.040810786774636 1.0716548452317571 
1.124508661029917 0.8897254352180723 
1.0530141909642805 1.1429243799381292 
1.0908316264738782 0.982637258683757 
1.1462041480285134 1.0245000410945073 
0.9244861300445685 0.8971743117408089 
1.044681209340172 0.8154524933748124 
0.8827452075684287 0.9693201581238232 
0.8281855256312605 1.135539566669691 
1.0471367598921861 1.035916402566429 
1.0436595862810076 1.147998921591514 
0.840949123909995 1.1621133492800957 
0.9361535386190045 0.8971894734161342 
0.8185464552787058 1.1418541180477395 
0.8140707770792158 0.8630956409384287 
0.9942307023778886 1.090008054177898 
0.8596547009586607 0.8835367476509995 
0.9053400945172265 0.9748471995300102 
1.1538206488010188 0.906252053505424 
1.0937272393383881 0.9321378686793006 
1.1051401045264124 1.006859775350607 
0.9417129400270298 1.057197311587525 
0.8559875022571346 0.9450169749141302 
1.01306522686408 1.0888438823088709 
0.9845629041917003 1.029934930349029 
0.826505830564471 0.9792468325120093 
1.1297071743097025 1.0277329616193043 
0.9286997955642464 1.1862603586604408 
1.0361291320383559 1.0669417930357945 
0.8356369239887238 1.0299044697360822 
0.9508676469642324 1.1847955332495759 
1.075766797867396 1.0222333475131333 
1.0975143096399902 1.1057795558278696 
0.9952023793857452 1.1099100959068955 
0.9129258534459278 1.0552298112450154 
0.9747602014661936 0.8613848694959017 
1.0518584241642923 1.0846069466835457 
1.0605584403895172 0.985651381629157 
0.8481588841917677 0.9213970011716438 
0.9243470468926503 0.987135118934627 
0.9668516567570786 1.155418414688035 
0.9466975081994944 0.8413446056915366 
0.9896624230286122 0.8346432787133432 
1.0556326895977741 0.9184950724012928 
1.0472235273284123 1.0674688523539906 
1.1552306035484374 1.1873923171433232 
0.9444086492512717 1.0147035395038435 
0.9431887026930647 1.1994422436422671 
1.1209477637253606 0.90335951820048 
0.8432888567835073 0.8827302091736994 
0.8476762659975661 0.8056725638585464 
0.86815596701296 1.1686918323342994 
1.0794755445125528 1.100597520680368 
0.879656368690389 0.9289757212081942 
1.1691650605075514 1.1713560416677016 
1.128735500489318 1.0176759507208513 
0.9923095395741572 0.9914415180789363 
0.9334470544012315 0.9941909884548881 
0.9411075583162788 1.0128139697676775 
1.0933794193865904 0.9445433216087437 
0.14528913916463926 0.4923074980424131 
0.17579737430362974 0.15509056209863015 
0.34836281434133143 0.11363619184821755 
0.2399933223682224 0.38998999708411813 
0.14936809246166582 0.10789581753618349 
0.24221403915707312 0.49797469907481234 
0.45387110296296734 0.2958398648029608 
0.42558977220724864 0.2709345146737269 
0.42662028015585746 0.37436190184283524 
0.2501729291768821 0.48802060522997753 
0.19685786262171678 0.29037190948236724 
0.24231473674440318 0.22312443023879175 
0.25854956917300537 0.07155761125334903 
0.4421964281471588 0.23421873828368267 
0.0327717118082656 0.30697797510731695 
0.15430311896233834 0.19513471292090667 
0.022874281271063834 0.3752214924827645 
0.45807020916941327 0.2866976909633862 
0.1595419240253606 0.2507720136319042 
0.1414979695230188 0.498615613542147 
0.302504060982247 0.28025987920081774 
0.37922207757554754 0.40611287181403927 
0.4383991656867812 0.20943645543329392 
0.08834379717752072 0.17602434745181433 
0.39017702639583485 0.4589951791742081 
0.4602649511340059 0.12591233906139965 
0.33242690841757433 0.192772430228228 
0.18483956658722073 0.30674162163669216 
0.08914816518239327 0.09539679377000326 
0.3543449143384267 0.3047455541192053 
0.07573421831726185 0.47811525637959273 
0.45909183698929495 0.2613388704738164 
0.33531912055889596 0.36131022174046307 
0.2639347340878133 0.4912804432133751 
0.4111404328952779 0.040131191028908164 
0.18550889188286301 0.03876172364070446 
0.29120048233235574 0.3257002885024018 
0.07371359845891512 0.04869470135143733 
0.35926254372434335 0.16851086910911756 
0.037776220036440766 0.44619535822050205 
0.18709683575487007 0.21292366912646787 
0.1471736856719631 0.1111066488792582 
0.10689565023471403 0.0020750101663143394 
0.4807542687735515 0.006377396352730158 
0.3099053741285951 0.05104680643694354 
0.0935940902571627 0.069211474270432 
0.22757739582726738 0.3328082718049112 
0.020438818661288993 0.10212387753251323 
0.16491869669729187 0.37622444831679863 
0.43702291096347423 0.40738841553427496 
0.07222673310191163 0.15833654183753515 
0.05612479252526398 0.4928340302389056 
0.46102231836618696 0.28415469327705295 
0.24390791193308464 0.3395445462497204 
0.29274788840109056 0.08636350697596068 
0.20391404535611152 0.4627394576768733 
0.19467766552369303 0.24462605523253528 
0.3910165430566485 0.3159606776328653 
0.08648996559712391 0.3195821887504258 
0.08570774314002655 0.4856632350708418 
0.23308096157215236 0.2201721943992237 
0.28028592847308836 0.09840515067888261 
0.37445290658625496 0.07457677412887342 
0.2028240597177282 0.4160547605370728 
0.42188895152979183 0.25484990348635167 
0.43224333718284097 0.22578107821482524 
0.2511304607596928 0.4132306811179116 
0.13838163951683818 0.34106576384052484 
0.3679017091235706 0.3241561041318831 
0.014637860222338095 0.31757259856248793 
0.16888064622123045 0.09015628739987414 
0.45758967819665286 0.35343328153584797 
0.17209347946039905 0.3620992453141546 
0.4879239462043497 0.28735591298939955 
0.4447145301103723 0.14466207974855005 
0.3000849535662961 0.12993509593042385 
0.013381983235633943 0.006441033776933225 
0.1742372998798506 0.16364053826195318 
0.30239376982235744 0.09077267090441427 
0.28345681155213387 0.3251832787310387 
0.10852690832362177 0.2281237652661074 
0.1815038663065543 0.3403066396110023 
0.2877276419011748 0.18381755713592923 
0.4621003389925998 0.41552158640655057 
0.19854814509435426 0.13589927974751642 
0.23932249096145142 0.2039037822916741 
0.019960182936180904 0.36710398493665103 
0.21053862745347535 0.2527921804900748 
0.337054398168751 0.37217476842594377 
0.12826190015140088 0.21007703782824316 
0.36713801650151473 0.1271897516559372 
0.02535463178796432 0.21273732672079132 
0.380872920946439 0.1410913626025218 
0.009212595784400701 0.1063857719499462 
0.25834949419421 0.11127143144757046 
0.36487326313899515 0.4478018032939286 
0.20837083052989902 0.03485100413676434 
0.08443432003145818 0.12378097952806533 
0.4707258700965209 0.48520374330067484 
0.27073436539441226 0.37910151938212583 
0.31585864134543085 0.44930714384557496 
0.14693969511755728 0.0840066611582233 
0.35409498398146033 0.135665630768336 
0.14049717381429605 0.18732402576795398 
0.06746683643796564 0.004835128958605994 
0.19985466024402915 0.49519085710376953 
0.0811782284664202 0.4449886695754647 
0.1454169309181052 0.18732657893827992 
0.49888587259630807 0.013497606170187637 
0.4523963667601796 0.3328920604869071 
0.13622130151090517 0.4921635254582158 
0.4125341652186241 0.0961972281387079 
0.20036033025241845 0.15852079768191368 
0.12410909025654365 0.32886656956408594 
0.37994944868273434 0.15853994058076215 
0.2152174308249878 0.329544799080329 
0.4293278911586701 0.17709721146939028 
0.11399888402755581 0.21482235568599084 
0.15373776736925682 0.24173596715644496 
0.04129997252357409 0.08578320281881996 
0.22809368714862838 0.4625303190669793 
0.21620744689432975 0.4934252116696152 
0.010887258731484772 0.3062720942571627 
0.032951051029101286 0.10317568645309094 
0.44693064710593244 0.12673695209384755 
0.1888660378687544 0.4338226565999118 
0.2878972331053036 0.12444581134937749 
0.4174225084987197 0.09940486767074713 
0.1979965828872124 0.18912299179334685 
0.10776985477024625 0.11395133571147892 
0.3536245572072744 0.1859623029693746 
0.17281115626453225 0.028433853137888765 
0.39045840663033343 0.1828479500721341 
0.061513631045267914 0.4568934323459667 
0.49922066549886657 0.3798368069002814 
0.29797773996597804 0.414424442947996 
0.12221443253544734 0.09449409454215207 
0.36972902808843555 0.33354786416327475 
0.056736663879151494 0.0770844457474828 
0.18076293365235285 0.14747762054458669 
0.3286050028132395 0.1781557570300739 
0.1310645065348104 0.428881694920549 
0.45928730277347296 0.4677129338897787 
0.1836411590150933 0.25096237131058563 
0.2135024467672078 0.30996441472739683 
0.032548153239357724 0.19402760477756387 
0.08066439738257675 0.13053389147182287 
0.19095271484771276 0.25519815217367375 
0.11317069093545695 0.17406521697340083 
0.4769743225018138 0.3314928392666277 
0.3172904013791982 1.9393084840648651 
0.4868549197607566 1.9372567834743641 
0.06828533926903912 1.6960604835142221 
0.2099544229666216 1.8857454165556626 
4.0258888201083476E-4 1.53374278065992 
0.45813289853598727 1.811649335040523 
0.004504731262130968 1.764935977615419 
0.2532728093390137 1.6364431286265948 
0.35135868882967586 1.7088487237090253 
0.2410105475091041 1.8816636473299213 
0.04698265172475424 1.9094853643872778 
0.07618812897335597 1.6165709930631276 
0.31795436325496024 1.701186077801684 
0.05610248445385102 1.786118137815634 
0.1192133901031372 1.720248653974951 
0.06132082542979844 1.7027527693011293 
0.25464338475753445 1.9755011948127983 
0.100647335817593 1.6012974701459355 
0.10159963304861819 1.9329801480060895 
0.4467675253096675 1.85000222211274 
0.034550945653611 1.7402781297472492 
0.49216328226521405 1.6828357250776345 
0.4501338397114137 1.7146615660134812 
0.051082820475841395 1.6681796381440108 
0.30617085351819595 1.545717635918342 
0.3826662936125136 1.5573127214950198 
0.3005838926592488 1.8180759708082008 
0.21276912353976796 1.662419296903632 
0.23263716853269534 1.942659927587844 
0.487591694709181 1.998329115337485 
0.20857342430272097 1.895958121092004 
9.151571501416766E-4 1.5847935994629483 
0.17646092186964885 1.8059664965609663 
0.39855981000220186 1.5468258167145823 
0.30094756329862177 1.8907367846027963 
0.378623803393672 1.9694792917692059 
0.4176225636595907 1.5508769490951142 
0.17412614580054975 1.8604135057684803 
0.23881473550637605 1.5408848524234555 
0.1258698626670895 1.5486915193598445 
0.11791073879361602 1.595856145890468 
0.3276568691478885 1.9014777093314779 
0.017655096330760123 1.6698926201097772 
0.4534283700997257 1.8716514521282912 
0.36939805028252376 1.550447630147668 
0.45647012800581654 1.5988251854109372 
0.2548861954984455 1.5488800501907871 
0.3645141120180701 1.5738527949712673 
0.2899443599973417 1.7316486376365339 
0.38138389342328033 1.7426371706815433 
0.24027668579481803 1.7488635716869962 
0.4457729048499638 1.8688931576613506 
0.25361834239145725 1.7373225061230397 
0.2908108795705601 1.9974951150826752 
0.14959834525778387 1.5236930039571353 
0.3942653422897681 1.9601356184012602 
0.468927882007354 1.9301641245504597 
0.008541270742229712 1.543244648690601 
0.44690742924597704 1.889674357959329 
0.21208361410036142 1.6944663687219261 
0.24274987018069505 1.8107338928699135 
0.1293537031740737 1.9784631255665102 
0.12584570010917656 1.6928939196980224 
0.12524192728465716 1.905413800257844 
0.3928502264380407 1.8830759558508092 
0.39159543566933047 1.746296769146865 
0.06535190873447994 1.5802595216795212 
0.40848135279462555 1.5178948502812621 
0.39688442060417073 1.741436289799826 
0.28087188493305326 1.9674326632942494 
0.4001742731364245 1.9152743885210095 
0.42262949812535067 1.6118542235737292 
0.49076957816032835 1.7315962825843587 
0.48398664214918163 1.6899714682888762 
0.43157459052886415 1.804559272546098 
0.2961558028850732 1.7670619089104922 
0.054318329385356745 1.6653373449108704 
0.43727221747963146 1.6909663107698925 
0.22861468823427522 1.526138574710863 
0.3075629508210083 1.636334946737686 
0.24702539168878868 1.6915523683427203 
0.33845231237032025 1.5893936933790367 
0.19541571948313818 1.7755059170989802 
0.1502551916665985 1.8194487806361304 
0.48189731761405125 1.5525194376227538 
0.11617622024601487 1.6553217725329463 
0.004780968480876557 1.7704849554621704 
0.3865239731577337 1.7350039368101253 
0.45021607382059015 1.578853542004704 
0.476365995291435 1.8250418463513811 
0.42357289058712627 1.88090094647333 
0.02229173246295224 1.8125137106470626 
0.035127051161139455 1.901651950203724 
0.2695169191199837 1.5569286060586252 
0.18023486199501237 1.5740787203328304 
0.25925429580393 1.9519783773435324 
0.07694224939403743 1.9853487068227453 
0.04809204286328023 1.787794728389722 
0.14984830142527117 1.5921827261322603 
0.10606262747785161 1.8232115944678746 
0.07804910626165351 1.7097940899536257 
0.3081512711529305 1.8745055225062917 
0.257115895267925 1.9024147447367314 
0.15518449254197025 1.7021846512905932 
0.060315680947214734 1.8550745064362342 
0.03435578415416235 1.5306191754259677 
0.12266145085060676 1.5860848285566143 
0.4570867035914357 1.6666541992249704 
0.4128828069274184 1.9675884148799856 
0.29248822314456746 1.892818298294333 
0.10303697143050056 1.957571275311366 
0.0483784823630829 1.5983389356700775 
0.19323383110086156 1.710894136635874 
0.23862944697344834 1.976898306327523 
0.4998277122822842 1.8291849828147704 
0.3155566997285183 1.5639111326435438 
0.46943252813264186 1.9298448654267442 
0.039132392928430626 1.9080783608314058 
0.33824565874213774 1.9629541595223157 
9.935359850684056E-4 1.7720683968146098 
0.416419959632063 1.7815267619008817 
0.32053362210213054 1.935400402400219 
0.24060229361362268 1.8753446521883537 
0.2828071573698634 1.928951377236178 
0.004260654762252514 1.9115155816524043 
0.3935433472811499 1.8649819701729562 
0.04505101656439897 1.785931779692089 
0.48525608854136054 1.9391730793325812 
0.24122898993204261 1.7789675702366332 
0.12025434091096299 1.6718883846791628 
0.444990027040231 1.626039221227395 
0.10129793283293653 1.524725363606041 
0.059626207498858164 1.8590602041090822 
0.4187105546865806 1.6753900003283007 
0.04951618606215136 1.6483604940129268 
0.43395297473653094 1.9590282838932416 
0.05721885055012438 1.5762984029828304 
0.023975896751329717 1.7873699672386008 
0.39032059020213694 1.8035788257625565 
0.2881133573991623 1.7383878324591286 
0.4321890648678079 1.9472018558628488 
0.24984394962486067 1.9686484133505309 
0.025416391729619014 1.6750008341380251 
0.26943845527197763 1.6381277728363834 
0.07448756377005661 1.535889082526758 
0.12032913817265356 1.652988378487379 
0.01508950509192264 1.8872198370502868 
0.3719770043094955 1.7256611910276194 
0.40147978516564836 1.9510738093806488 
0.3650800450564608 1.5235493107252391 
1.6704628492049576 0.02982425446020953 
1.6611567476944438 0.027767375198238076 
1.650775868877149 0.23798933733880068 
1.8978554761102147 0.15155372123051475 
1.6000647247390614 0.2621668771163374 
1.983782058903016 0.17433958369647035 
1.968135106503071 0.14375661104109105 
1.522203820343933 0.1319325732339361 
1.7047920243050942 0.3902104815068337 
1.7616802814594943 0.46586941211138466 
1.7533355105013848 0.35971131315434646 
1.7334865268122819 0.4757150273762355 
1.8966587592416808 0.33146555528743155 
1.5506373701296432 0.43693347194228543 
1.851899039280673 0.4692060395234325 
1.6113860828628443 0.14392824947964522 
1.9417206940409626 0.009035601286644823 
1.6712634872201457 0.11294762592899754 
1.805563203212378 0.4544027634343323 
1.9220393122754627 0.23277281729867683 
1.9525665385861393 0.34078579552593735 
1.8434290977552923 0.28245499553065134 
1.9993895920757239 0.2405715367215902 
1.6739365305446068 0.44483940622731916 
1.6807665525680981 0.114650605191842 
1.8809123103304528 0.23221275090917365 
1.668400074925791 0.3814108408733385 
1.9967271485734288 0.10613236874720972 
1.8846688520669312 0.1660957880951508 
1.6278979589847653 0.01734382067400453 
1.8516311048629102 0.11390533097531674 
1.8370724669224225 0.11366575720875438 
1.6729344850071777 0.3987507409073262 
1.9439692138707672 0.46381876643753256 
1.506496920672047 0.1362365234828432 
1.5906861289467642 0.32339759471955687 
1.8492014127356984 0.31422652457699735 
1.6692321378323083 0.2255337023927389 
1.621352230547244 0.08726215203569582 
1.9147030531963547 0.01326780589639226 
1.9082684532551444 0.34213535167746634 
1.626213987844337 0.3432497322052509 
1.7891449277259228 0.3310796417220241 
1.589517235181543 0.18110555637572978 
1.9591895282528913 0.38632706897905517 
1.8401758013604834 0.37765960834265117 
1.8300495610838539 0.2751895861937334 
1.9242292649555781 0.06217166243349043 
1.9756689751604717 0.12835837156844465 
1.784479973389772 0.3138472239689838 
1.67597212169147 0.07577456255546205 
1.8248440661007732 0.37610154021227243 
1.8991484712743416 0.2542103004352872 
1.5826532563149673 0.05940551959272433 
1.8548168050523925 0.20860910509965824 
1.7693594529749783 0.4380145011930506 
1.7449762603924968 0.3952695326055362 
1.723786108066015 0.4834784704755098 
1.537405365904202 0.009116459657231513 
1.558886239048053 0.3935548447831322 
1.9870493295806162 0.19958942924899775 
1.972908705177082 0.06899281522099032 
1.7349396619723885 0.4100875931842857 
1.8389404745584825 0.46263058818498765 
1.6213189843783744 0.07444604164145241 
1.782984468109561 0.37534501646245655 
1.8598980668874476 0.23057827779479567 
1.5100483488794465 0.20161514658199758 
1.9335506973023127 0.26620505158472346 
1.6401616351616712 0.13380931150898862 
1.9882562927767014 0.4944996605297993 
1.771804548166027 0.41877798634495905 
1.6217286444282961 0.06851503615484456 
1.8989234827525712 0.4229321240766538 
1.7859234107742312 0.3824182163040626 
1.669524562694673 0.0027094637125548715 
1.5484957490305897 0.07484283594131752 
1.788777873687936 0.49617892220720766 
1.6872834274212754 0.045080424540274444 
1.6376316338837729 0.04850585302317695 
1.5240195986318128 0.01636656193393532 
1.8991267647225278 0.4590986780168247 
1.5387333355856403 0.13217796634889095 
1.6589189136375433 0.2914798328306622 
1.644675140122476 0.3512418749338383 
1.5739562022898101 0.1182719212450577 
1.5451080612024133 0.014869054709877039 
1.7838275297273787 0.4831623930031386 
1.8379346273377792 0.3962572179316012 
1.7729875755498767 0.44930781419274296 
1.9818830121229765 0.3055714374694348 
1.878881126127582 0.4693615019180558 
1.8888554016501242 0.4168935869002446 
1.5809306295487116 0.2561558637647295 
1.7610448403644163 0.40354283834486904 
1.5984175161402616 0.35504339626975945 
1.848556274262947 0.21680443476429206 
1.6714789145077933 0.21899811916395462 
1.5635210309140735 0.4197642304643571 
1.698758110358576 0.2658018586797159 
1.8500730348849734 0.3927313722238625 
1.657688304422223 0.15298710214900368 
1.8760589991618397 0.4596419199763215 
1.9389556716214331 0.34068142385684325 
1.9819836878324388 0.04587133097543439 
1.8853791902058723 0.42509549349032033 
1.895445187180366 0.36704364426536557 
1.9372610850858563 0.21611985987160282 
1.9951941749316622 0.3657107151725308 
1.8512030066387613 0.10134293057062388 
1.8879549787615337 0.15818468093592386 
1.9774497812518064 0.385775652949761 
1.7432750856866808 0.12734224764615532 
1.552013620124068 0.021665600763283166 
1.716923875000576 0.49887936209039213 
1.88414831752644 0.4460062111532146 
1.8817399538968498 0.2682800926075818 
1.6971843370928186 0.12469438414026512 
1.8763306646545261 0.20367369576495387 
1.7113019163500787 0.3617622583087588 
1.9766559652893718 0.33578890547397355 
1.84051109359127 0.46970694329605467 
1.9932831540009568 0.360374746094901 
1.612923469196165 0.012664107475159725 
1.7979773959548853 0.2207423878141453 
1.613342433152132 0.0280196218725825 
1.8872971866984003 0.30849233623692324 
1.8902646144776658 0.4040255051015374 
1.6979927812397224 0.21902709118719987 
1.8655768744628374 0.44108459054975113 
1.8992593954398327 0.3251087516971954 
1.8345496184643315 0.05259055262819684 
1.600276011948386 0.08650693983793523 
1.6461684212183247 0.067557979152016 
1.827964464329385 0.4966920267191904 
1.6094126188145002 0.1817494302105256 
1.7495323835868888 0.37856416014239924 
1.5797806927369635 0.26660454911960985 
1.9371175337634698 0.38036847275359403 
1.5421788368912686 0.4859984330423859 
1.9977299705891454 0.4902323065596149 
1.821230394199476 0.48970459656609544 
1.6206922324485529 0.18317008009302382 
1.8181303892472398 0.34941014554245814 
1.5269069899039032 0.4379369341471124 
1.894360660968837 0.3782286736984462 
1.939535061469017 0.31277231385818755 
1.6968974497339904 0.02787908134073852 
1.5340459393916288 0.04885955151693672 
1.8469850591809407 0.18904573313966277 
1.8671068124777317 1.7782381626608905 
1.9951151132236926 1.9299087670655501 
1.5284048364074132 1.8489404378173804 
1.7785426839317624 1.9954303239083193 
1.7072514804271648 1.5442837711407233 
1.704486917290003 1.755705541988916 
1.5166965245585409 1.565536162508074 
1.9221050664702848 1.735534596331949 
1.7718834385953284 1.5675814886238066 
1.7393953616597806 1.8793449882007183 
1.976506400089818 1.785747074864012 
1.5873755589656255 1.8056905025047938 
1.5314834890612947 1.8686158774419717 
1.9332002737493286 1.9837764384581358 
1.6433393284449167 1.936430710009564 
1.8963218002242175 1.520807975643859 
1.5762942546360623 1.6176084051273345 
1.5273654383278177 1.5834312640392372 
1.7616863147983792 1.8769165758584305 
1.868081711133351 1.8891347543505712 
1.8511058048002802 1.838026203833158 
1.522554298643392 1.694200512681802 
1.5755016134248638 1.5204379734626698 
1.53478399201067 1.773643303581143 
1.75152188107177 1.9561908782409958 
1.8858352550880362 1.535547610112119 
1.9584808508761435 1.5252964976859693 
1.8949234551519303 1.6373106212675232 
1.7945975361232631 1.5505025925681015 
1.7331372085492198 1.774521669167798 
1.7095307174472805 1.7217748073743557 
1.635931848106935 1.6945564755242928 
1.7017386675572834 1.7787954216603947 
1.7310959453049117 1.9464370417882528 
1.6638210663981001 1.565813338016556 
1.682585011340732 1.9161057235476444 
1.8567542196804063 1.5873393718736106 
1.5874320590387598 1.8119847808114695 
1.8948098450262252 1.5354665497924838 
1.752886753863792 1.9595402683176784 
1.726951515557375 1.9300047028253398 
1.624000980754993 1.535541628224266 
1.9076315443208922 1.5111543206721354 
1.728070107949027 1.7228064569470518 
1.9601654889620042 1.8511043468760744 
1.5516557041364187 1.6944420515183343 
1.8492397961847773 1.805724155694464 
1.7683567674771756 1.8429433165997333 
1.995612371637619 1.9104297780251904 
1.6910629969172093 1.7539791869431443 
1.8856947788760205 1.6353397885609007 
1.7311151139833791 1.5872973908447077 
1.6514583931424107 1.553996294718048 
1.5086134436699739 1.7678999989664503 
1.5219860186794858 1.947211850398387 
1.5730575716165438 1.7094898294134107 
1.7769943206386436 1.6590129527661377 
1.9615662335133912 1.6891605929645759 
1.7647811776789242 1.6451861930024552 
1.5431179223270215 1.9674011775760638 
1.6823062357136185 1.6065931613052291 
1.771569198327384 1.8007070761348976 
1.653491538573663 1.879205470634703 
1.5976491399549766 1.6254398049530445 
1.6833333122613892 1.8607212487739686 
1.8706945791231417 1.901047713662893 
1.810044713081552 1.6896597353232667 
1.5945824229637457 1.8883591703820086 
1.7252031825029404 1.6569908367492354 
1.8891314694645231 1.5043819353236616 
1.7827553109488161 1.9226414224979314 
1.9481880105675926 1.8388899930420626 
1.671735502436925 1.5296305335116678 
1.6786752310489184 1.9400519358249924 
1.584684114735007 1.9571206569971196 
1.5510785178775186 1.5764526195879596 
1.974004374579183 1.5303325951878683 
1.9911547521130033 1.861082286236143 
1.9518763521073732 1.910056245102534 
1.8950951848247253 1.8792153780988443 
1.5558502206566898 1.6174002414313402 
1.5559380114095314 1.7965734227439856 
1.9718698380555515 1.6104581075500493 
1.947717927222288 1.8367645326947768 
1.8792317509382803 1.818729120751761 
1.925656673134278 1.5077144114542347 
1.8578634185734189 1.7584168060199772 
1.9656396331534183 1.5256513725805292 
1.777308604241354 1.897138720488069 
1.5842902835826929 1.5321808443035385 
1.7689365068454572 1.8101156461091157 
1.5521454254088076 1.9250821574033048 
1.7681454133303183 1.8715691755567683 
1.9367507315854473 1.9266832536242808 
1.70171027386963 1.7548411545740206 
1.889937448645424 1.8950165383655502 
1.6869277617125586 1.87265922999274 
1.924107532326559 1.8424318519990974 
1.6038410573114144 1.575007395221465 
1.7060458610110694 1.6639400093414458 
1.5995807232177621 1.9362209134473858 
1.6335946748243753 1.693283182387344 
1.9847367181590558 1.8052099249608111 
1.6504666224346776 1.898576063317601 
1.5856806850596625 1.9631265339244788 
1.897539499546844 1.8013341610602602 
1.9238864977988133 1.731324805965487 
1.8951667183484662 1.552803664285893 
1.6035509036221751 1.6991237687106882 
1.5003544470241867 1.529729400075583 
1.502195071552649 1.8956684642824262 
1.8850974371189573 1.8180457136342647 
1.7754316762082052 1.7130941530326322 
1.7377320284464077 1.537447183794936 
1.8067112879671998 1.6992340231781993 
1.7978563362276885 1.6223940354817488 
1.5556153731021363 1.9772710352447778 
1.697183877735204 1.915829870690744 
1.784142420281641 1.5170194955040646 
1.893638481951017 1.7507365637288168 
1.8694374702293124 1.7779321751454633 
1.754064440968674 1.5916243370898755 
1.843544348582766 1.8674639215793682 
1.562117698162676 1.7831523856544842 
1.9360136293231336 1.8100830057965909 
1.9022198385481364 1.5062979919568893 
1.7335784282943765 1.8020064680717798 
1.9978982935244862 1.673840201896692 
1.6126139547072071 1.9346457987741958 
1.6634026385246836 1.7063960650457637 
1.8447256684002704 1.8057847345612792 
1.5611779766118512 1.9178458688232638 
1.7235647604505293 1.7016707793024746 
1.9445931398047094 1.6047058279081465 
1.7118487403546392 1.6254874583550238 
1.5052626480315656 1.8778546762622195 
1.961568518792434 1.8680843902202853 
1.8373677434645597 1.7969932824489423 
1.617492593816059 1.5653773464246625 
1.8775735294841165 1.9683138291583533 
1.5743326849484351 1.7634906879027643 
1.9784550667728977 1.9440779876931444 
1.8213141070266297 1.9174998248049595 
1.5257874343120048 1.5191510357193134 
1.6743980058637726 1.9825412367251414 
1.7156204414808656 1.8540116451364033 
1.5660316783576118 1.817093102774461 
1.7657506506621357 1.7663545402329284 
1.6350568627394644 1.5073893175533277 
1.9480194100004424 1.5241260947167912 
0.908228027284966 0.35137226478495637 
1.1142457427791017 0.03334434587079858 
0.9282018784239421 0.3909951220240333 
0.9081286679632402 0.02217304660211088 
1.0910369659948895 0.062083522856835674 
1.0745455195633977 0.2870021848970283 
0.993078987816317 0.031231360372136897 
0.8748962094342706 0.20409916332224598 
0.900177681427778 0.21742882459589685 
1.1496473730886902 0.17425755634220486 
1.070931025510531 0.012988165178151469 
1.060515269309406 0.11518990183144712 
1.158471456426752 0.21875663955208344 
1.0079984340021046 0.06115814364106114 
1.0005230084788705 0.32141206899188207 
0.9990282812584728 0.1267386128720902 
0.828161553895649 0.21446454473984647 
1.0914587306265577 0.046696767687305844 
1.0069133194121405 9.158598765655946E-4 
1.0565692177009252 0.32152479682270485 
0.8695302164754329 0.3143566130638925 
0.877708531221659 0.07827351259021445 
1.0079832759818645 0.2566087138268307 
0.9426600582881118 0.2988879998376542 
1.162919014822394 0.17384944947350803 
1.1892620848807494 0.2733345699160774 
0.9820263545021344 0.07948122455434713 
0.8282699764168555 0.0023847826051788703 
1.0144650253261716 0.38083928210901596 
0.9944002869781344 0.20500039382498889 
1.1667094482463094 0.07815776845209906 
0.9659496512241653 0.17784113434215795 
1.065865277872505 0.3780427734940065 
0.8453348740567117 0.00949554642685273 
0.9597186911754962 0.3000288288127338 
1.0073533524215965 0.36961293263170925 
0.9284820707178083 0.15362392029387856 
1.198916444592163 0.2731929062333593 
1.091402331642134 0.324575612803791 
1.1134611547551296 0.06286692603011228 
0.9621016199025607 0.23291959046527771 
1.1651990386739026 0.15708449684028786 
0.9397232315291 0.011699606136888986 
1.0528139145479192 0.2796946642154719 
1.1186584465555125 0.20407620042741625 
0.9291735819796453 0.11649170110408785 
0.9578334128027832 0.18786953304412557 
1.1830733621315557 0.2368720045964511 
1.0712381811121898 0.11040999465312745 
1.1909828287361228 0.07382715669011297 
1.0845831226324136 0.2528981072185638 
0.9112199634848145 0.17307658737093676 
1.1486711252148196 0.3423035465396965 
1.0699302073904775 0.0022209343436877305 
0.9082770625715116 0.19016128273087235 
1.1277009317076239 0.35337581556576625 
0.8960291698508863 0.16145076116315382 
0.8175951291790527 0.3778234467532251 
1.0539901069223647 0.16307229819179053 
0.809840949262032 0.35879786615783094 
0.9813385088451074 0.2902631030842013 
0.9853672735867045 0.058597686376341995 
0.9647551408782379 0.18062312482482495 
0.8898280978369554 0.06879821218327052 
1.0688206717562345 0.29924945795944363 
0.9917122588915102 0.04741314771099306 
1.1469354240304923 0.014805841196729654 
0.9825874405394366 0.24443408358741114 
1.1789744017201984 0.025182079924961888 
0.9344812982147293 0.09725402344187146 
0.8500941008946233 0.05272632771322266 
1.0688548575773202 0.3200595583186503 
0.9558108337456654 0.35286118549774464 
0.9935772999348451 0.016354181935941892 
1.0516731835761206 0.2662228840937623 
1.1287635354325904 1.9113535296247741 
0.9615545198651505 1.993290720467821 
0.8692898906960189 1.631071381406904 
1.1167946669731832 1.7818022314781772 
1.0212556600263327 1.8474933096002526 
1.0191227000233385 1.791077690653373 
1.0016119122569829 1.8643132729259337 
0.8034962238267108 1.6337053682685223 
1.0046318122222249 1.8352861119627655 
1.1226955051766776 1.793867681339334 
1.0158498435886163 1.8873275969345562 
0.9837139164971893 1.7829158039438333 
0.9935505833869692 1.9630711532458782 
0.9366893871777664 1.6166290069357006 
0.9398406666836742 1.8026692118637277 
0.9503245247707341 1.9849227502197422 
1.1477907990859737 1.75220466605007 
0.8034464172151131 1.9335979517632924 
0.8380876841113277 1.6161563505742862 
1.0805599355146054 1.7890516119964606 
0.8880890504268621 1.7639405367169418 
0.8799518874527087 1.8306976716531698 
1.0081278157206797 1.7556285852705404 
0.9261060712949395 1.8521743723682578 
1.1343648585442452 1.6695188163653245 
1.123892741410931 1.65124325005 
0.9844427484154656 1.6943191499218955 
0.9001989378874594 1.649612413813495 
1.061646019746488 1.9912748385157393 
0.9493693124367045 1.8677453382346703 
0.8952266541587344 1.7366539428919778 
1.0320302111694966 1.9660441642023228 
1.169006692256251 1.6225813144314518 
1.0725728987846694 1.812624959783168 
0.8173227398611251 1.92428981410667 
1.1587748986206026 1.8492301663655124 
0.9568306498760201 1.7344359218456207 
0.9677416397561199 1.800651953580513 
1.074641317489446 1.7202045995314392 
1.0255535763863566 1.8093679866836199 
0.8077122307278484 1.97650690423416 
1.0537072363186262 1.875919519277704 
0.9253718040805501 1.8286514268230971 
0.8636416864686938 1.9468895703806508 
0.9663075047461863 1.7804492290863725 
0.8313449776728716 1.716167425937199 
1.1833011105193298 1.6087897817484618 
1.117238421819454 1.7915133963965462 
1.013448101646292 1.6733036584201968 
1.092239554604739 1.9272663328537312 
0.8185510820855703 1.6398058085711151 
0.8891076749597816 1.9353641080680002 
0.9298302677505785 1.6087914200650448 
0.8188792909624152 1.8606757683948179 
0.8830472916761695 1.8953344025440693 
1.1754035451195155 1.6429719218279788 
0.9445915844546942 1.8243168180579101 
1.096691080381455 1.9866881949861406 
0.8060318099644489 1.6849955110851182 
1.0599929063412943 1.9209645527383332 
1.0640879077749985 1.8314904259722369 
0.858228710261519 1.7562717686710274 
1.0049324292367652 1.6208572583971033 
1.1385876000888548 1.630263872639138 
0.8761830064627091 1.6479851687426779 
0.9798269942281782 1.9843241766657331 
1.0569008370181572 1.9666382713668495 
0.9429986624170533 1.9236000605907715 
1.1253633657391853 1.8785380649552197 
0.9510342192497987 1.6871501523990566 
1.1763321953656174 1.827461770841054 
0.8358250687768126 1.9911555955028235 
1.0539907205643595 1.7529098427786012 
0.8371354210300971 1.8069750782800729 
0.8436787262488469 1.7379739759861215 
0.4458896657927309 1.1971516330688945 
0.30500475271022476 1.1286151448820896 
0.45507895510336105 1.1563072428999686 
0.4308696903517437 1.1066391801941968 
0.5147345555296053 1.1901892808141405 
0.5813885364130174 0.9662357053887827 
0.4831189398378049 0.8149612672198912 
0.46865032097146364 0.8740241624714604 
0.6244886462890825 0.8701582150269661 
0.6577090744888031 0.885129050296723 
0.6244859583077813 0.9125551084984816 
0.4011522463796829 1.042884307672085 
0.4774197159189668 1.19452524576892 
0.339045673598879 0.9073451908437309 
0.345398610141481 1.0292931833331012 
0.6730077805287351 0.8378639773244019 
0.5974835198822281 0.9068151873074604 
0.3626183723997123 0.9975638463470818 
0.3077283926920426 1.1478482301649056 
0.5943207614986333 0.9526237279300974 
0.524182591071697 1.1700966967900568 
0.637429174244061 0.9068646510927695 
0.4166304162119675 0.9891541575787862 
0.6288061953781248 1.0422066353609187 
0.3690469626140318 1.1882854236031322 
0.6172284263179859 0.9281428847857154 
0.6034523519124925 0.8649226626611055 
0.35041150716531333 0.9184565457511312 
0.6050495530361467 0.9980770636889742 
0.6021188793234418 1.0709831960368283 
0.664234323223839 0.8796958746869425 
0.313731599756585 0.8063004250834699 
0.6592685970295294 0.9143228192164264 
0.46410996926671916 1.063803873299433 
0.3741120467507934 1.0152477100521133 
0.5835304481035624 0.9187075831633461 
0.5791096317077526 0.8116597178075734 
0.3919348286403357 0.8910840522647032 
0.3979357872081554 1.1301462920693426 
0.36868158159867154 1.108138125973215 
0.5423995735844551 0.9252083244987838 
0.35044237484355073 0.8734865065158159 
0.6174176444270001 0.8072900649194437 
0.5058400476585938 1.052293111098412 
0.681665387226398 1.1531503274604171 
0.6498772543302366 1.198688389588838 
0.5951196979732716 1.0822300000803609 
0.6381583198347791 1.1319790433384227 
0.5929097466984228 1.1439984978710036 
0.5203598204560431 0.9107325424575078 
0.5955954350824507 0.9850904559795958 
0.6343586033493809 1.0588990689658435 
0.3991963427467584 1.1513715854364728 
0.48687896821707144 0.8657117077678287 
0.4839969606297305 1.1289011696591384 
0.6934741652985568 1.011183461043508 
0.5393572457782043 0.9390865039188591 
0.44011001279269224 0.8615983989500934 
0.32246064431731974 1.0771528488112252 
0.6805720440738372 0.9344718108864473 
0.3521348077083959 0.9193805201569072 
0.5983703665393805 0.8500326433447319 
0.5845834325971753 0.9233889592031039 
0.5387697205400191 0.9663595747035817 
0.42607065876805955 1.0070756906744118 
0.6560253533400473 1.0378802848847228 
0.4083026563444881 0.8156460775014629 
0.5228582575121309 0.8420212861976738 
0.5854542793602336 1.172498286180802 
0.5136567808452915 0.9863743307116328 
0.4074914753734853 1.05855542537633 
0.49984436191994164 1.0388230334944941 
0.6826436225910897 0.9759655762097939 
0.48530663633313875 1.115651744145962 
0.6625828057120368 1.1259180174799757 
1.4617239089851137 0.9177367823808688 
1.6670703301522087 1.0666524429994881 
1.578108517782996 0.9224982726969845 
1.6105339392719697 0.8165659169911044 
1.4957993678983115 0.8193688491795614 
1.5012419903548553 0.9286504442190109 
1.5396192582775896 1.1191137939990359 
1.4544445736815925 0.8863222131140336 
1.5578537368667051 1.1724151737860053 
1.5940539780138736 0.8570317250997318 
1.4681632390995536 1.0007106521303792 
1.613140637751033 0.9888720026266592 
1.4934934121180243 0.9723558958703956 
1.321723405448019 1.0467303250703546 
1.681501888379461 0.8497575059446181 
1.6310363948985485 0.8583571001354958 
1.4529724169374303 0.8882016016480945 
1.306657560381572 1.1770533599201827 
1.4391409053654438 0.8846812065742744 
1.6685874275653645 1.1665068574792559 
1.34481070440589 1.1551039021741711 
1.6245694822035752 1.1746345679654435 
1.4135876624677113 1.1608391214283698 
1.3936468806390674 0.9871176053427675 
1.6735188079244785 0.9106427195057222 
1.410153103033488 1.1376428115115649 
1.30587126256324 0.9315745559540789 
1.5940376235375264 0.9006932197122167 
1.4067414965688796 0.9326028791029182 
1.4316304172949617 0.9040578522130527 
1.3006378855081042 0.8771676040575604 
1.5316525927443123 0.8720593411346751 
1.4171328315480278 1.03605241759498 
1.3044832522779177 1.046826101892453 
1.3561337314694888 0.9094940635528699 
1.55839607875571 0.9337637404722012 
1.344275206305364 1.087535147657613 
1.514682106370861 1.178708724044463 
1.6243882218469419 1.1602047981980106 
1.4142782698942487 0.8080752607658138 
1.421954769516876 1.0941900291990212 
1.3217245648587317 1.1496345819506473 
1.3969098697030344 1.0602381916277226 
1.5279756351546747 1.1003939451286817 
1.3161059118720568 1.1256097485301146 
1.3117957808298546 0.8193706559901012 
1.671207358283465 1.1184779883153309 
1.5401696164896028 1.1968847951849906 
1.3187370519791877 1.1262510696171895 
1.4713634863838094 0.9883222263959561 
1.33344832001305 0.9073693129046331 
1.5699761560763563 1.0991476179819857 
1.3431504827473386 1.1762094634008282 
1.3515201557942271 0.969275554311663 
1.4525682502395045 0.8633050050918376 
1.4447785259919979 0.9287355578834973 
1.6657686059737002 0.8581704570897727 
1.3933846517078834 1.1828953782585754 
1.4811422299056196 0.809595112062484 
1.6137760066996938 1.134334708787569 
1.4598791287340074 0.8883502779588596 
1.3848760147771222 0.8597898009164545 
1.6583317513508342 1.0098318157342672 
1.5655608549513162 0.934417447879979 
1.6666116774546498 1.0692382246190788 
1.319171784431384 1.0319550889644493 
1.6102192349960642 0.8594623834909602 
1.6700360985687328 1.0281817640767548 
1.648458430086329 1.1219533373086057 
1.625163388995353 1.0964128088923253 
1.6428428440371727 0.8233826372153095 
1.6649866732144927 1.107589368398848 
1.5706511119892566 1.0560277614298528 
1.4402211150490227 0.933851884114372 
1.3232438540951732 0.9273634071165766 
1.038081731135806 0.016574073642955378 
0.2785348542545767 1.1721471625290185 
1.977905807273166 1.325440115589275 
1.7191966548995925 0.05561257912273265 
1.5568149962821192 1.9870917482287758 
1.282280992179519 1.9581825180138184 
0.9233360671998989 1.140765147363181 
1.3271622699082306 0.2542739005365122 
1.4415234397555985 0.677774001295522 
1.46431664031074 1.81287989740009 
0.923295911169796 1.2941324406865506 
0.6708651014508804 1.795162297277663 
1.087345416089406 1.3576560191505336 
1.9897749458813305 1.9011959505501 
1.0081069086553875 1.2871116795412467 
0.8389034275654161 0.8464439246102278 
0.796793129384034 0.38512733621533113 
0.5908335293733957 1.498932347409692 
0.04751460895620063 0.6232142161473033 
1.5317169473295533 1.0709849127904967 
0.6850206965137802 0.7463936366789297 
1.5671054696058144 1.0347678699225957 
1.766612665135672 0.24656220351919633 
1.1150171788950298 0.018786155600628573 
0.5192957868644446 0.24786902226576668 
0.5112498661709828 1.8428622682018443 
1.434252938921816 1.1540196025197766 
1.949219132429471 0.062021197947943474 
1.5942380698068779 1.0265615796481444 
1.4863650483750455 1.9150932262347273 
1.5755029141529442 0.09484796027169562 
1.9714362281598101 0.4117388397525039 
1.2443867548872862 1.5425145818441814 
0.8817260469729056 1.4419901442317493 
0.5597138399628765 0.7719485827368744 
0.006601390836032506 1.2552931536797822 
1.0956596363750597 0.7173657249974976 
0.6734296809745894 0.4314266640413016 
0.4157615422345471 1.4587546688761033 
0.7842763653149178 1.5535639495513474 
0.657266478491991 0.38308728622259225 
0.3165090397270256 1.1941339907116306 
0.7260226837665142 0.4458348056819019 
0.13771231869299916 0.5370293548102447 
0.35563866122533705 0.7049691717784643 
0.9950805188327183 0.9850987992669578 
1.9506487246056656 1.2312714362002113 
1.3617236097756444 1.4397537077867724 
0.6119382657752919 1.7429077859579194 
0.45708517520821546 0.5899066621922429 
0.033700407694108314 1.868875714735209 
0.20593783601495685 0.5103529248796537 
0.06470838542887569 0.81506294327485 
1.1601877833612686 1.1450948015946105 
0.642705185196307 1.3883022272423693 
0.47998402380224325 0.8389998976483724 
0.5392280346259044 1.8279458288427421 
0.9553952836837796 1.981575801890505 
1.893199442078987 0.7011252146214739 
0.747182116951228 1.0395322746467657 
0.8651331886893019 1.236999469567474 
0.03495757270575339 0.7801953568296962 
0.9098193181178529 1.906939702408895 
1.0832957335658895 1.3257256459296434 
0.14386713327032763 1.8017353319952674 
0.3711129072526438 1.828486148641197 
0.07550140375835324 0.4135489212611103 
1.3769110332047145 0.020793814510271513 
1.5675224755448425 1.799488090584144 
0.37224073834085725 0.6676805307808651 
1.3203563808476446 0.7853017942578031 
1.1480038582503407 0.039179545229516055 
0.3906370872403566 1.8618508858387242 
1.982984172247995 1.919044514397101 
1.3017781204613639 1.7336417711083827 
1.3612580957045104 1.3796975498202948 
0.1565068828729459 0.09785369722200854 
1.954904561668217 1.5785955958839628 
0.8273504594761745 0.16393047236588587 
1.210697468020792 0.16909254728517054 
1.7795773307447473 0.6679477016269395 
1.514231005534591 1.5692669405392723 
0.37211454064072447 0.6926080942843555 
1.3521929988404138 1.2950750375392375 
0.5854770024124789 1.4728573035482326 
1.1532668878897803 0.8395799381563909 
0.04175889309249947 1.5487532476621104 
1.5604094798307562 0.16789698668620745 
0.9102550432765255 1.1213634378941721 
1.7720163088927452 1.7978887035496864 
0.8332946165325665 0.27410458363835266 
1.2867524543349513 1.6495300171763654 
0.3603848716232416 1.8410794292475052 
1.8965925830462875 1.3712578970924343 
0.5447790529997478 1.1356071033029493 
0.09487888011935897 0.6895086439410028 
0.3350977620081934 1.4962829638116504 
1.2009717024366002 0.4780367975172435 
0.1856491024621647 0.6645451613601252 
1.4503337170842692 1.706501134850843 
1.91260738351661 0.376865889985027 
1.0586527165522357 0.20319256667968033 
1.2392279088943963 0.23632492659544857 
1.840875229695569 0.25467055149422513 
0.7017885464574161 0.9224650908753347 
1.3507880605841016 1.4654644613434424 
0.6289665647965155 1.104968830927497 
1.7040506390551162 1.0138877290586952 
0.7608728820560082 1.045836070190786 
1.2573460668959646 1.4654018869842715 
0.7399838008640252 1.806384367462226 
1.1385860915592905 0.6428601073174411 
0.18472320368486672 0.21953250972128324 
0.2578682296310688 0.703348838432504 
0.347466217735787 0.34446981403491117 
1.8761518787088896 0.5342375307542868 
1.4622497361331575 1.9899538123755685 
0.06838335283622521 0.8564371008108027 
0.8034908791395565 0.07411934696582168 
1.4900666217001 1.010758199671785 
0.2055304531927442 1.0828234568536659 
0.7410422398537453 0.30365071088348894 
0.33383385154234135 0.6951901662179711 
0.3175020855166095 1.0014973655310828 
0.3521977414862816 1.764160520647355 
0.6530335791476145 0.5880241267798216 
1.796326017886872 0.27149393277033473 
0.07175181461194646 1.7372808645833313 
0.44265453978564095 0.6208066163027026 
0.6113453846688586 1.6050368893297038 
1.7523197654225646 0.6888750648890742 
1.6211253294079233 1.5043261277447952 
0.0736817992173151 1.4245712979919698 
0.799933286676425 1.8062669398521056 
1.2028280987296875 1.4664387454531196 
1.9110311800063942 0.9951735505369816 
0.1300001006786653 0.24405790020686213 
1.795858466496613 0.20736512431493925 
0.8408994650207198 1.3349904270574304 
0.5058108496599452 1.2959700712823965 
0.8953481242278449 1.4682328209169526 
1.3809581255616183 1.4894137788635753 
0.1717900365327123 1.4967499999746718 
0.7268859550325408 1.049167945685378 
0.6446397487888187 1.9058001364994392 
1.375610492448681 1.9827312858868043 
0.35249681160044477 0.980403020646236 
0.8637817937781864 1.8307010279246116 
1.8187632070912105 0.6244445756852306 
1.2211569155337008 0.8221857787394959 
